12.38
12.39
12.4
12.41
12.42
12.43
12.44
12.45
12.46
12.47
12.48
12.49
12.5
12.51
12.52
12.53
12.54
12.55
12.56
12.57
12.58
12.59
12.6
12.61
12.62
12.63
12.64
12.65
12.66
12.67
12.68
12.69
12.7
12.71
12.72
12.73
12.74
12.75
12.76
12.77
12.78
12.79
12.8
12.81
12.82
12.83
12.84
12.85
12.86
12.87
12.88
12.89
12.9
12.91
12.92
12.93
12.94
12.95
12.96
12.97
12.98
12.99
13
13.01
13.02
13.03
13.04
13.05
13.06
13.07
13.08
13.09
13.1
13.11
13.12
13.13
13.14
13.15
13.16
13.17
13.18
13.19
13.2
13.21
13.22
13.23
13.24
13.25
13.26
13.27
13.28
13.29
13.3
13.31
13.32
13.33
13.34
13.35
13.36
13.37
13.38
13.39
13.4
13.41
13.42
13.43
13.44
13.45
13.46
13.47
13.48
13.49
13.5
13.51
13.52
13.54
13.55
13.56
13.57
13.58
13.59
13.6
13.61
13.62
13.5
13.51
13.52
13.54
13.55
13.56
13.57
13.58
13.59
13.6
13.61
13.62
